iter. count	ObjectiveValue	Parameters	TimeSoFar
2	-0.803657	1	103
10	-0.80513	1	482
26	-0.808878	1	1195
38	-0.810845	1	1688
50	-0.795493	1	2177
51	-0.812132	1	2214
52	-0.817452	1	2251
54	-0.819477	1	2333
73	-0.822307	1	3090
77	-0.825565	1	3247
78	-0.830038	1	3294
100	-0.815566	1	4226
101	-0.830991	1	4261
104	-0.834736	1	4397
128	-0.83859	1	5353
131	-0.84054	1	5494
143	-0.844889	1	5979
150	-0.82181	1	6266
152	-0.847336	1	6339
164	-0.84862	1	6818
166	-0.850576	1	6913
176	-0.853654	1	7338
185	-0.85556	1	7701
186	-0.860752	1	7746
191	-0.865871	1	7983
200	-0.854376	1	8342
203	-0.865901	1	8456
206	-0.874789	1	8572
237	-0.875702	1	9922
241	-0.887626	1	10107
250	-0.867954	1	10500
257	-0.887884	1	10787
266	-0.891647	1	11149
279	-0.894903	1	11689
287	-0.896679	1	12025
300	-0.878787	1	12613
302	-0.898095	1	12736
303	-0.89957	1	12771
307	-0.900862	1	12934
326	-0.90174	1	13798
331	-0.913298	1	13993
350	-0.89265	1	14800
377	-0.92064	1	15951
400	-0.910048	1	16877
407	-0.921361	1	17168
411	-0.922112	1	17330
424	-0.922329	1	17860
432	-0.923399	1	18201
440	-0.928691	1	18571
445	-0.932099	1	18781
450	-0.919675	1	19007
453	-0.936156	1	19156
479	-0.936537	1	20445
480	-0.941817	1	20498
500	-0.924386	1	21523
513	-0.943057	1	22182
523	-0.948243	1	22587
528	-0.952785	1	22821
541	-0.954385	1	23363
550	-0.945831	1	23742
562	-0.957551	1	24240
567	-0.957813	1	24453
578	-0.964695	1	24908
600	-0.947864	1	25802
607	-0.969433	1	26160
640	-0.969494	1	27684
645	-0.97079	1	27868
650	-0.961145	1	28099
658	-0.971015	1	28425
661	-0.972725	1	28535
678	-0.974394	1	29268
693	-0.975329	1	29902
696	-0.975558	1	30024
700	-0.971627	1	30190
706	-0.97855	1	30447
715	-0.98544	1	30811
750	-0.977534	1	32239
753	-0.988804	1	32359
765	-0.990769	1	32852
769	-0.993162	1	33001
776	-0.995191	1	33295
800	-0.987639	1	34252
805	-0.998067	1	34470
820	-1.0021	1	35072
850	-0.985625	1	36346
868	-1.00518	1	37106
877	-1.00677	1	37499
900	-1.00013	1	38434
907	-1.01062	1	38775
915	-1.01067	1	39097
932	-1.01354	1	39790
950	-1.00601	1	40545
960	-1.01418	1	40962
972	-1.017	1	41458
982	-1.02149	1	41901
1000	-1.00893	1	42643
1017	-1.02248	1	43345
1028	-1.02666	1	43824
1050	-1.01302	1	44746
1075	-1.02712	1	45792
1077	-1.03109	1	45884
1100	-1.02345	1	46866
1104	-1.03311	1	47028
1121	-1.03364	1	47752
1138	-1.03958	1	48482
1150	-1.02832	1	48998
1157	-1.04031	1	49336
1179	-1.043	1	50282
1191	-1.04307	1	50810
1200	-1.03434	1	51193
1201	-1.04468	1	51288
1203	-1.04533	1	51371
1217	-1.04703	1	51987
1225	-1.04783	1	52321
1233	-1.04931	1	52699
1242	-1.04979	1	53076
1250	-1.04395	1	53442
1253	-1.05544	1	53590
1280	-1.05561	1	54782
1284	-1.06122	1	54956
1300	-1.05543	1	55643
1323	-1.06304	1	56669
1328	-1.06601	1	56928
1339	-1.06606	1	57447
1340	-1.06625	1	57489
1350	-1.05832	1	57922
1352	-1.06989	1	58021
1400	-1.06389	1	60204
1409	-1.07143	1	60630
1432	-1.07148	1	61675
1446	-1.07403	1	62314
1450	-1.07038	1	62518
1461	-1.07583	1	63021
1475	-1.08143	1	63682
1500	-1.06675	1	64854
1550	-1.08659	1	67741
1592	-1.08908	1	70243
1600	-1.07904	1	70716
1601	-1.09145	1	70797
1602	-1.09538	1	70859
1638	-1.09626	1	72981
1650	-1.09363	1	73690
1653	-1.09917	1	73887
1671	-1.10436	1	74968
1684	-1.10663	1	75783
1696	-1.10669	1	76490
1700	-1.09793	1	76734
1734	-1.1085	1	79033
1750	-1.10787	1	80100
1755	-1.10903	1	80449
1767	-1.11053	1	81234
1781	-1.11174	1	82175
1800	-1.10484	1	83436
1803	-1.11301	1	83718
1804	-1.1157	1	83788
1831	-1.11605	1	85584
1840	-1.12599	1	86187
1850	-1.10348	1	86849
1862	-1.12812	1	87672
1885	-1.12854	1	89231
1894	-1.12901	1	89837
1900	-1.12907	1	90221
1912	-1.12922	1	90947
1915	-1.13303	1	91124
1916	-1.13619	1	91184
1950	-1.11982	1	93128
1951	-1.14842	1	93189
2000	-1.13898	1	96683
2050	-1.13746	1	100523
2051	-1.14877	1	100625
2055	-1.15027	1	100902
2065	-1.15444	1	101535
2100	-1.13361	1	103668
2105	-1.15954	1	104034
2150	-1.14448	1	106778
2152	-1.16346	1	106928
2189	-1.16409	1	109203
2200	-1.15058	1	109799
2250	-1.15608	1	112731
2253	-1.16818	1	112917
2278	-1.16871	1	114347
2294	-1.17241	1	115198
2300	-1.16476	1	115503
2340	-1.17342	1	118119
2350	-1.15551	1	118709
2367	-1.1771	1	119718
2396	-1.17807	1	121490
2400	-1.16975	1	121724
2411	-1.179	1	122453
2412	-1.18549	1	122516
2450	-1.15657	1	125000
2500	-1.16314	1	128120
2550	-1.17266	1	131022
2555	-1.18647	1	131328
2567	-1.18807	1	131991
2590	-1.18894	1	133314
2594	-1.18982	1	133557
2600	-1.1754	1	133881
2601	-1.19145	1	133980
2646	-1.19488	1	136474
2650	-1.17816	1	136705
2660	-1.19631	1	137295
2680	-1.19847	1	138390
2700	-1.17315	1	139463
2730	-1.2032	1	141234
2750	-1.18513	1	142293
2800	-1.19375	1	145180
2843	-1.20505	1	147613
2850	-1.19063	1	147966
2886	-1.20571	1	149993
2900	-1.18889	1	150768
2902	-1.20759	1	150945
2904	-1.20763	1	151065
2938	-1.21189	1	152982
2950	-1.20499	1	153665
2977	-1.21316	1	155276
2982	-1.21426	1	155536
2996	-1.21714	1	156292
3000	-1.20719	1	156520
3003	-1.21756	1	156799
3005	-1.21979	1	156916
3007	-1.22036	1	157022
3050	-1.2118	1	159672
3085	-1.22045	1	162978
3096	-1.22733	1	164049
3100	-1.2037	1	164408
3150	-1.20822	1	168861
3200	-1.206	1	172110
3207	-1.23046	1	172723
3250	-1.22014	1	176162
3300	-1.21437	1	179670
3311	-1.2306	1	180416
3350	-1.21662	1	182590
3351	-1.23401	1	182682
3400	-1.22383	1	185375
3410	-1.23891	1	186002
3448	-1.2395	1	188080
3450	-1.22666	1	188188
3473	-1.24003	1	189508
3500	-1.23329	1	191095
3550	-1.23849	1	193975
3563	-1.24128	1	194758
3573	-1.24432	1	195343
3600	-1.22925	1	196997
3608	-1.2476	1	197584
3630	-1.24968	1	198925
3650	-1.24157	1	200027
3684	-1.25188	1	202218
3700	-1.22851	1	203113
3726	-1.2582	1	204717
3750	-1.24927	1	206044
3800	-1.24454	1	209022
3842	-1.26076	1	211382
3850	-1.25145	1	211786
3852	-1.26454	1	212009
3876	-1.26615	1	213443
3900	-1.25229	1	214707
3906	-1.26714	1	215236
3911	-1.26928	1	215503
3928	-1.26971	1	216590
3950	-1.25643	1	217868
3966	-1.27315	1	218909
4000	-1.25643	1	221020
4050	-1.26972	1	223974
4100	-1.26422	1	226831
4150	-1.25992	1	229777
4153	-1.27324	1	230046
4192	-1.27384	1	232310
4200	-1.25646	1	232777
4250	-1.26376	1	235958
4289	-1.27847	1	238373
4300	-1.26519	1	239016
4350	-1.26319	1	242089
4357	-1.27922	1	242555
4400	-1.27462	1	245100
4450	-1.24467	1	248789
4488	-1.28038	1	251563
4500	-1.26313	1	252429
4541	-1.28191	1	255493
4550	-1.2691	1	256135
4565	-1.28235	1	257228
4588	-1.28426	1	258791
4600	-1.27114	1	259640
4629	-1.28568	1	261740
4644	-1.28802	1	262740
4650	-1.28342	1	263126
4660	-1.28856	1	263871
4678	-1.28921	1	265229
4700	-1.2809	1	266779
4716	-1.29575	1	267964
4729	-1.30035	1	268977
4750	-1.2843	1	270412
4800	-1.27487	1	274108
4850	-1.28323	1	277760
4900	-1.29023	1	281257
4950	-1.2953	1	284334
5000	-1.29066	1	287086
5013	-1.30177	1	287783
5050	-1.29286	1	289738
5056	-1.30484	1	290040
5100	-1.28664	1	292344
5105	-1.30688	1	292677
5150	-1.29321	1	295043
5180	-1.30787	1	296694
5200	-1.29739	1	297726
5249	-1.30885	1	300410
5250	-1.28573	1	300470
5300	-1.30637	1	303173
5350	-1.29671	1	305917
5400	-1.29769	1	308630
5415	-1.31102	1	309517
5450	-1.30178	1	311377
5464	-1.31152	1	312136
5468	-1.31172	1	312333
5484	-1.31195	1	313231
5500	-1.30824	1	314074
5524	-1.31575	1	315354
5550	-1.30535	1	316772
5577	-1.31651	1	318311
5600	-1.30431	1	319515
5646	-1.3174	1	322001
5650	-1.30605	1	322199
5692	-1.32069	1	324556
5700	-1.3093	1	324974
5750	-1.30526	1	327744
5800	-1.30857	1	330623
5850	-1.30413	1	334072
5900	-1.31351	1	337756
5950	-1.30701	1	341841
6000	-1.3147	1	346035
6016	-1.32123	1	347502
6017	-1.32215	1	347589
6033	-1.32383	1	349015
6050	-1.3078	1	350332
6100	-1.31119	1	353420
6150	-1.31533	1	356707
6200	-1.3045	1	359840
6250	-1.31104	1	363323
6264	-1.32465	1	364276
6300	-1.31443	1	366513
6350	-1.31735	1	369713
6400	-1.31939	1	372809
6434	-1.32615	1	374882
6445	-1.32709	1	375563
6450	-1.31598	1	375877
6500	-1.31548	1	379056
6514	-1.32724	1	379885
6524	-1.32745	1	380496
6550	-1.32839	1	382080
6556	-1.33004	1	382445
6563	-1.33323	1	382862
6600	-1.31873	1	385087
6650	-1.32003	1	388097
6651	-1.33495	1	388170
6700	-1.32239	1	391086
6750	-1.31696	1	394128
6800	-1.31723	1	397106
6850	-1.32167	1	400122
6879	-1.33511	1	401888
6896	-1.33597	1	402865
6900	-1.32097	1	403086
6924	-1.33757	1	404547
6931	-1.33777	1	404988
6950	-1.32586	1	406074
7000	-1.32903	1	408994
7050	-1.32687	1	411872
7052	-1.34233	1	411995
7100	-1.33257	1	414749
7150	-1.33393	1	417616
7200	-1.33748	1	420795
7241	-1.34465	1	423722
7250	-1.33317	1	424361
7300	-1.33683	1	428102
7350	-1.33721	1	431886
7379	-1.34467	1	433798
7381	-1.34533	1	433920
7400	-1.34265	1	435093
7422	-1.34761	1	436405
7450	-1.32907	1	438074
7483	-1.349	1	440041
7484	-1.3531	1	440090
7500	-1.34048	1	441064
7550	-1.33938	1	444137
7600	-1.34072	1	447164
7650	-1.34587	1	450093
7700	-1.34621	1	453129
7750	-1.34647	1	456250
7794	-1.35382	1	458951
7800	-1.34061	1	459300
7850	-1.3536	1	462473
7900	-1.35246	1	465568
7908	-1.35471	1	466091
7950	-1.35238	1	468710
8000	-1.35042	1	471849
8015	-1.3577	1	472796
8050	-1.35405	1	474835
8083	-1.35945	1	476830
8100	-1.35023	1	477867
8101	-1.35954	1	478051
8150	-1.3514	1	481090
8196	-1.3601	1	484068
8200	-1.35416	1	484298
8239	-1.36044	1	486744
8250	-1.35454	1	487425
8252	-1.36268	1	487585
8300	-1.35302	1	490474
8306	-1.3649	1	490866
8350	-1.3596	1	493550
8400	-1.34517	1	496616
8450	-1.35372	1	499660
8500	-1.35185	1	502659
8501	-1.36577	1	502789
8550	-1.35287	1	506440
8600	-1.3546	1	509359
8650	-1.35812	1	512120
8700	-1.35341	1	514941
8750	-1.35065	1	518466
8800	-1.3568	1	522295
8850	-1.3592	1	526133
8900	-1.35849	1	530444
8950	-1.35172	1	533641
