iter. count	ObjectiveValue	Parameters	TimeSoFar
2	-0.789773	1	57
6	-0.806462	1	67
46	-0.815911	1	250
47	-0.82719	1	253
50	-0.789759	1	261
57	-0.835684	1	295
61	-0.838572	1	306
77	-0.843801	1	355
95	-0.891176	1	411
100	-0.789779	1	423
144	-0.895996	1	562
150	-0.86466	1	582
152	-0.912732	1	592
153	-0.914616	1	596
167	-0.917675	1	642
185	-0.922324	1	716
200	-0.864745	1	772
201	-0.95283	1	778
250	-0.927888	1	967
253	-0.985423	1	980
293	-0.989335	1	1162
300	-0.945966	1	1201
350	-0.836171	1	1419
361	-0.991676	1	1468
386	-1.0004	1	1558
400	-1.00044	1	1608
441	-1.00758	1	1744
450	-0.996026	1	1771
470	-1.0096	1	1836
488	-1.01469	1	1899
500	-1.01267	1	1928
518	-1.01551	1	1978
519	-1.019	1	1982
550	-0.997325	1	2089
600	-0.997841	1	2249
613	-1.01961	1	2292
629	-1.02053	1	2341
650	-0.994538	1	2396
683	-1.02279	1	2507
700	-0.996019	1	2561
705	-1.02625	1	2574
750	-1.01522	1	2705
765	-1.02972	1	2746
800	-1.01122	1	2807
850	-1.01399	1	2884
873	-1.03036	1	2919
900	-1.02495	1	2958
950	-1.02219	1	3037
961	-1.03236	1	3054
976	-1.03307	1	3077
1000	-0.999395	1	3113
1050	-1.0258	1	3185
1100	-1.02696	1	3257
1107	-1.03448	1	3267
1133	-1.03452	1	3304
1134	-1.0368	1	3305
1150	-1.02839	1	3330
1174	-1.0378	1	3364
1198	-1.03901	1	3400
1200	-1.02742	1	3403
1250	-1.03434	1	3475
1300	-1.03422	1	3547
1315	-1.04031	1	3569
1350	-1.03032	1	3619
1381	-1.04085	1	3665
1391	-1.04248	1	3679
1400	-1.02215	1	3692
1450	-1.00552	1	3766
1468	-1.04259	1	3792
1481	-1.04524	1	3812
1500	-1.03855	1	3841
1511	-1.04681	1	3857
1534	-1.0475	1	3891
1550	-1.03547	1	3916
1567	-1.04797	1	3942
1600	-1.03448	1	3992
1650	-1.02992	1	4068
1700	-1.03592	1	4142
1750	-1.0152	1	4214
1800	-1.03509	1	4286
1850	-1.03806	1	4378
1900	-1.01294	1	4457
1950	-1.00374	1	4534
2000	-1.03444	1	4614
2050	-1.04243	1	4699
2075	-1.04819	1	4746
2097	-1.04957	1	4807
2100	-1.04111	1	4813
2150	-1.04296	1	4905
2200	-1.04087	1	4987
2250	-1.04349	1	5075
2271	-1.05006	1	5117
2300	-1.03841	1	5173
2350	-1.00922	1	5261
2400	-1.01127	1	5353
2450	-1.04068	1	5457
2453	-1.05127	1	5464
2500	-1.04557	1	5575
2533	-1.05206	1	5670
2550	-1.04562	1	5730
2600	-1.04567	1	5880
2650	-1.04276	1	6042
2700	-1.04632	1	6190
2728	-1.05289	1	6291
2750	-1.04796	1	6352
2751	-1.05368	1	6357
2800	-1.04839	1	6507
2850	-1.04936	1	6645
2900	-1.04347	1	6799
2912	-1.05401	1	6842
2936	-1.05402	1	6904
2950	-1.028	1	6939
2998	-1.05435	1	7048
3000	-1.05328	1	7055
3038	-1.05501	1	7153
3050	-1.04953	1	7188
3056	-1.05587	1	7206
3085	-1.05685	1	7278
3100	-1.04894	1	7324
3150	-1.05333	1	7465
3200	-1.04482	1	7616
3212	-1.05736	1	7653
3250	-1.05204	1	7767
3252	-1.05747	1	7774
3300	-1.04967	1	7908
3350	-1.05391	1	8052
3400	-1.05445	1	8195
3450	-1.05442	1	8330
3455	-1.05777	1	8342
3500	-1.05268	1	8473
3510	-1.05836	1	8504
3550	-1.02649	1	8588
3596	-1.05859	1	8679
3600	-1.05639	1	8687
3611	-1.0595	1	8708
3650	-1.05836	1	8788
3700	-1.01337	1	8895
3703	-1.05977	1	8900
3750	-1.05569	1	8990
3800	-1.01035	1	9086
3850	-1.05799	1	9181
3900	-1.01274	1	9275
3946	-1.06063	1	9372
3950	-1.05636	1	9379
4000	-1.01014	1	9475
4004	-1.06086	1	9482
4050	-1.05607	1	9574
4100	-1.01215	1	9669
4121	-1.06096	1	9710
4150	-1.05942	1	9762
4155	-1.06137	1	9772
4188	-1.06188	1	9836
4189	-1.06196	1	9839
4198	-1.06271	1	9858
4200	-1.05926	1	9863
4250	-1.02106	1	9964
4300	-1.05891	1	10067
4304	-1.06297	1	10075
4318	-1.06306	1	10102
4350	-1.06244	1	10167
4400	-1.06039	1	10269
4432	-1.06309	1	10333
4443	-1.06388	1	10354
4450	-1.02437	1	10368
4471	-1.06417	1	10412
4500	-1.06201	1	10474
4550	-1.06213	1	10574
4571	-1.06523	1	10618
4600	-1.02198	1	10679
4613	-1.06545	1	10705
4650	-1.06333	1	10781
4700	-1.06529	1	10877
4750	-1.06348	1	10971
4800	-1.06351	1	11054
4848	-1.0663	1	11133
4850	-1.06618	1	11136
4900	-1.06422	1	11216
4940	-1.06631	1	11280
4944	-1.06644	1	11287
4950	-1.02419	1	11296
4971	-1.06647	1	11330
5000	-1.06593	1	11379
5006	-1.06704	1	11389
5050	-1.06651	1	11463
5100	-1.06539	1	11546
5150	-1.06435	1	11627
5177	-1.06774	1	11672
5190	-1.0683	1	11693
5200	-1.06544	1	11709
5222	-1.06872	1	11743
5239	-1.06892	1	11770
5250	-1.01803	1	11787
5280	-1.06934	1	11837
5300	-1.06165	1	11869
5350	-1.06616	1	11951
5380	-1.06936	1	12003
5400	-1.06671	1	12036
5424	-1.0694	1	12076
5450	-1.02952	1	12119
5500	-1.06843	1	12208
5550	-1.06324	1	12292
5600	-1.06459	1	12375
5650	-1.01741	1	12454
5700	-1.06698	1	12533
5750	-1.06378	1	12613
5755	-1.06961	1	12622
5796	-1.06994	1	12689
5800	-1.06944	1	12695
5826	-1.07146	1	12737
5850	-1.06604	1	12777
5900	-1.0683	1	12859
5950	-1.06556	1	12940
6000	-1.06942	1	13024
6050	-1.01764	1	13111
6100	-1.06904	1	13201
6148	-1.07152	1	13281
6150	-1.06882	1	13284
6200	-1.07006	1	13366
6250	-1.06813	1	13448
6268	-1.07205	1	13479
6300	-1.02398	1	13530
6324	-1.07262	1	13572
6343	-1.07304	1	13604
6350	-1.07133	1	13615
6400	-1.06862	1	13703
6450	-1.07298	1	13782
6500	-1.02286	1	13861
6550	-1.02128	1	13939
6593	-1.07309	1	14006
6600	-1.07276	1	14017
6624	-1.0734	1	14053
6650	-1.06967	1	14094
6651	-1.07358	1	14096
6700	-1.018	1	14174
6735	-1.07416	1	14229
6750	-1.0317	1	14252
6784	-1.07421	1	14307
6797	-1.07483	1	14329
6800	-1.02458	1	14333
6807	-1.07489	1	14345
6850	-1.0714	1	14412
6900	-1.07307	1	14490
6950	-1.02429	1	14567
7000	-1.07167	1	14643
7050	-1.07253	1	14721
7100	-1.0717	1	14798
7150	-1.07129	1	14876
7200	-1.07466	1	14952
7231	-1.07491	1	15000
7243	-1.07501	1	15018
7250	-1.07049	1	15029
7300	-1.07379	1	15105
7350	-1.07371	1	15183
7400	-1.07308	1	15262
7407	-1.07507	1	15273
7424	-1.0751	1	15298
7450	-1.0358	1	15339
7492	-1.07552	1	15404
7500	-1.07416	1	15416
7550	-1.07382	1	15494
7600	-1.07103	1	15573
7624	-1.07581	1	15611
7650	-1.07191	1	15653
7700	-1.07534	1	15731
7711	-1.07609	1	15749
7750	-1.07412	1	15811
7800	-1.07364	1	15889
7850	-1.07447	1	15969
7900	-1.07374	1	16046
7950	-1.0751	1	16125
8000	-1.07486	1	16205
8050	-1.0741	1	16283
8100	-1.07362	1	16364
8150	-1.07439	1	16444
8200	-1.07512	1	16523
8232	-1.0763	1	16575
8250	-1.03529	1	16604
8300	-1.07546	1	16686
8350	-1.07555	1	16767
8387	-1.0765	1	16826
8400	-1.07531	1	16846
8450	-1.07547	1	16925
8500	-1.03203	1	17004
8550	-1.07565	1	17085
8600	-1.07594	1	17164
8618	-1.07652	1	17192
8650	-1.07532	1	17243
8663	-1.07653	1	17263
8682	-1.0767	1	17295
8700	-1.07591	1	17323
8750	-1.07434	1	17403
8780	-1.0769	1	17449
8800	-1.07552	1	17482
8850	-1.0751	1	17562
8855	-1.07708	1	17569
8900	-1.07605	1	17640
8950	-1.03615	1	17720
8986	-1.07711	1	17778
9000	-1.07696	1	17801
